   2.0575600e+02   4.9427207e+00
   2.0250420e+02   6.4208122e+00
   2.0457353e+02   1.2333179e+01
   2.0664285e+02   1.9132400e+01
   1.9866116e+02   1.4698125e+01
   2.0220858e+02   2.2088583e+01
   2.0339105e+02   2.5340384e+01
   2.0013925e+02   3.0957132e+01
   2.0605162e+02   3.2435224e+01
   2.0634724e+02   4.0416918e+01
   2.0664285e+02   4.8102995e+01
   2.0250420e+02   4.4259957e+01
   2.0723409e+02   5.7562781e+01
   2.0457353e+02   5.9927727e+01
   2.0073049e+02   6.3475147e+01
   1.9925240e+02   5.6084689e+01
   2.0013925e+02   5.1059178e+01
   1.9570498e+02   4.6920521e+01
   1.8979261e+02   3.7756354e+01
   1.8713205e+02   4.2781865e+01
   1.8949699e+02   4.7511758e+01
   1.9393127e+02   5.3128506e+01
   1.9127070e+02   5.7267162e+01
   1.8535834e+02   5.0763560e+01
   1.8003721e+02   4.8398613e+01
   1.7974159e+02   4.3964338e+01
   1.8388024e+02   3.8347590e+01
   1.7855911e+02   3.4208934e+01
   1.8240215e+02   3.0957132e+01
   1.8801890e+02   2.9479041e+01
   1.9363565e+02   2.2975438e+01
   1.9008823e+02   2.2975438e+01
   1.8624519e+02   2.4453529e+01
   1.8151530e+02   2.2384201e+01
   1.8565395e+02   1.8836781e+01
   1.8565395e+02   1.3220033e+01
   1.8920137e+02   1.0855087e+01
   1.8447148e+02   7.6032855e+00
   1.7885473e+02   1.0263850e+01
   1.7471608e+02   1.2333179e+01
   1.7028180e+02   7.3076672e+00
   1.7442046e+02   4.3514840e+00
   1.8062844e+02   2.8733925e+00
   1.8594957e+02   2.5777741e+00
   1.9156632e+02   2.5777741e+00
   1.9688745e+02   4.9427207e+00
   1.9393127e+02   4.9427207e+00
   1.9777431e+02   9.3769954e+00
   1.9954802e+02   3.6573880e+01
   1.9629621e+02   3.4800171e+01
   1.9570498e+02   3.8643209e+01
   1.7589855e+02   2.1792965e+01
   1.7264675e+02   2.4749148e+01
   1.6939495e+02   2.2088583e+01
   1.7264675e+02   2.9183423e+01
   1.7471608e+02   3.5095789e+01
   1.7323799e+02   4.3668720e+01
   1.7855911e+02   5.7267162e+01
   1.8358463e+02   5.9336491e+01
   1.7648979e+02   6.3179529e+01
   1.8299339e+02   6.6135712e+01
   1.8181092e+02   7.2639315e+01
   1.7530731e+02   7.2048078e+01
   1.8417586e+02   7.5299880e+01
   1.8890576e+02   7.2639315e+01
   1.9334003e+02   7.0865605e+01
   1.9334003e+02   7.5299880e+01
   1.9097508e+02   7.8551681e+01
   1.9215756e+02   8.3281574e+01
   1.9777431e+02   8.1212246e+01
   2.0013925e+02   6.9978750e+01
   2.0161734e+02   7.4708643e+01
   2.0693847e+02   7.4117406e+01
   2.0516476e+02   8.1507864e+01
   2.0427791e+02   8.6237757e+01
   1.9718307e+02   8.7715849e+01
   2.0723409e+02   9.1263269e+01
   2.0132173e+02   9.6288780e+01
   1.9452250e+02   9.4219452e+01
   1.9777431e+02   9.9836200e+01
   2.0486915e+02   9.9335477e+01
   1.8949699e+02   9.1058164e+01
   1.8920137e+02   8.6328271e+01
   1.8092406e+02   8.8693218e+01
   1.7915035e+02   9.4309966e+01
   1.8358463e+02   9.9631095e+01
   1.9038385e+02   9.8153004e+01
   1.6939495e+02   9.6379294e+01
   1.6318696e+02   9.7266149e+01
   1.7264675e+02   8.5441416e+01
   1.7826350e+02   7.9824668e+01
   1.7471608e+02   8.0120287e+01
   1.7146428e+02   7.7755340e+01
   1.6436944e+02   8.3667706e+01
   1.6318696e+02   7.4799157e+01
   1.6200449e+02   6.9182409e+01
   1.6141325e+02   6.3270043e+01
   1.6850809e+02   5.8540150e+01
   1.6821247e+02   5.2627783e+01
   1.6525629e+02   4.5532944e+01
   1.6289134e+02   3.5551430e+00
   1.5638774e+02   2.9639064e+00
   1.6082202e+02   8.8762727e+00
   1.5372718e+02   8.5806544e+00
   1.4840605e+02   9.1718910e+00
   1.4722357e+02   4.1463796e+00
   1.4219806e+02   5.6244712e+00
   1.3953750e+02   7.1025628e+00
   1.3717255e+02   2.3726698e+00
   1.3392075e+02   2.6682881e+00
   1.3539884e+02   7.3981811e+00
   1.3805941e+02   1.2719311e+01
   1.4101559e+02   1.7449204e+01
   1.4485863e+02   1.2423692e+01
   1.5195347e+02   1.7744822e+01
   1.4751919e+02   1.9814150e+01
   1.5993516e+02   2.6317753e+01
   1.5047538e+02   2.8387082e+01
   1.5136223e+02   3.3116975e+01
   1.5845707e+02   3.4890684e+01
   1.5757021e+02   3.9620577e+01
   1.5372718e+02   4.1985524e+01
   1.6141325e+02   4.4646089e+01
   1.5609212e+02   4.9080364e+01
   1.5224908e+02   4.8784745e+01
   1.6111763e+02   5.2332165e+01
   1.5786583e+02   5.4401493e+01
   1.6200449e+02   5.7357676e+01
   1.5816145e+02   5.8835768e+01
   1.5165785e+02   5.7653295e+01
   1.4663234e+02   5.2627783e+01
   1.4574548e+02   5.5879585e+01
   1.4042435e+02   4.8193509e+01
   1.4633672e+02   6.1496333e+01
   1.3953750e+02   3.8733723e+01
   1.3392075e+02   4.2281142e+01
   1.2741715e+02   3.4003829e+01
   1.2978209e+02   2.9273936e+01
   1.3510322e+02   2.3361570e+01
   1.4249368e+02   2.7795845e+01
   1.3539884e+02   1.7153586e+01
   1.3451199e+02   1.2719311e+01
   1.3214704e+02   9.1718910e+00
   1.2889524e+02   2.6682881e+00
   1.2712153e+02   6.8069445e+00
   1.2978209e+02   1.9814150e+01
   1.2800838e+02   2.6022135e+01
   1.2268725e+02   2.7204608e+01
   1.2239164e+02   1.9222914e+01
   1.1943545e+02   1.4788639e+01
   1.1913983e+02   6.5113262e+00
   1.1470556e+02   3.8507613e+00
   1.1115814e+02   7.1025628e+00
   1.0583701e+02   2.9639064e+00
   9.9037788e+01   3.5551430e+00
   1.0288083e+02   9.1718910e+00
   1.1381870e+02   1.5971112e+01
   1.0849757e+02   1.4788639e+01
   1.1795736e+02   2.0701005e+01
   1.1647927e+02   2.5726517e+01
   1.1204499e+02   2.8091463e+01
   1.0731510e+02   2.0996624e+01
   1.0406330e+02   1.7449204e+01
   9.9333406e+01   1.7744822e+01
   9.6081605e+01   1.1536838e+01
   1.1174938e+02   2.2474715e+01
   8.7213056e+01   2.3726698e+00
   8.1596308e+01   5.9200895e+00
   7.3614613e+01   2.3726698e+00
   6.7702247e+01   3.5551430e+00
   8.9578002e+01   1.4493021e+01
   8.9578002e+01   2.2179097e+01
   8.7213056e+01   2.7204608e+01
   8.4848109e+01   2.2474715e+01
   8.4256872e+01   1.7449204e+01
   8.2187544e+01   2.6022135e+01
   7.8640124e+01   2.0405387e+01
   7.8344506e+01   2.6908990e+01
   7.9526979e+01   3.1047646e+01
   7.4501468e+01   3.1934501e+01
   6.5928537e+01   2.7500227e+01
   6.3563590e+01   3.1343265e+01
   6.0016171e+01   2.2474715e+01
   6.3563590e+01   2.0109769e+01
   5.7946842e+01   1.8631677e+01
   6.9771575e+01   1.8631677e+01
   7.0362812e+01   1.3310547e+01
   6.1494262e+01   9.4675093e+00
   5.3216949e+01   2.6682881e+00
   4.6122110e+01   3.8507613e+00
   4.8487056e+01   9.7631276e+00
   4.9373911e+01   2.4248425e+01
   5.7946842e+01   2.7204608e+01
   5.5877514e+01   3.1638883e+01
   5.7355606e+01   3.6073158e+01
   6.3563590e+01   3.4595066e+01
   6.5928537e+01   3.7255631e+01
   6.7111010e+01   4.3463616e+01
   7.0067193e+01   4.1394287e+01
   7.3318995e+01   3.7846868e+01
   7.8640124e+01   3.5777539e+01
   8.2778781e+01   4.1985524e+01
   8.7213056e+01   3.7846868e+01
   9.2829804e+01   3.1638883e+01
   9.5194750e+01   2.5430898e+01
   9.9333406e+01   3.0160791e+01
   1.0583701e+02   3.1343265e+01
   9.7559697e+01   3.9324959e+01
   1.0435892e+02   3.9029341e+01
   1.0997567e+02   3.8438104e+01
   1.1588803e+02   4.0803051e+01
   1.2446096e+02   3.9324959e+01
   1.2653029e+02   4.5237325e+01
   4.4348400e+01   3.2821356e+01
   3.9914125e+01   3.6368776e+01
   4.4644018e+01   2.5726517e+01
   4.0505362e+01   2.3361570e+01
   3.7844797e+01   2.8387082e+01
   3.2523667e+01   3.1638883e+01
   2.1290171e+01   3.3708211e+01
   2.1881408e+01   2.6613372e+01
   3.0454339e+01   2.3952807e+01
   3.3410522e+01   2.0109769e+01
   3.8731652e+01   1.8631677e+01
   3.9618507e+01   1.1241219e+01
   3.4001759e+01   8.8762727e+00
   3.1636812e+01   3.5551430e+00
   2.6315683e+01   7.9894177e+00
   1.6560278e+01   5.3288529e+00
   1.9812080e+01   1.2719311e+01
   2.0994553e+01   1.8631677e+01
   1.4490950e+01   1.8927295e+01
   1.2717240e+01   1.3014929e+01
   1.0647912e+01   3.1934501e+01
   9.4654386e+00   3.9029341e+01
   1.0647912e+01   4.7011035e+01
   2.3063881e+01   4.2872379e+01
   2.8089392e+01   4.7897890e+01
   3.5184232e+01   4.2576761e+01
   3.7253560e+01   4.9671600e+01
   4.5530873e+01   5.1740928e+01
   5.2625713e+01   5.1740928e+01
   5.8833697e+01   5.2627783e+01
   5.4990659e+01   4.5828562e+01
   5.9720552e+01   4.2872379e+01
   6.4746064e+01   4.9375982e+01
   7.2432140e+01   5.1149692e+01
   6.5041682e+01   5.9722623e+01
   7.1840903e+01   5.7653295e+01
   8.3961254e+01   5.2627783e+01
   9.6968460e+01   4.6715417e+01
   9.5490368e+01   5.2332165e+01
   9.6081605e+01   5.7357676e+01
   9.9037788e+01   5.8835768e+01
   1.0495015e+02   5.1445310e+01
   1.0938443e+02   4.7897890e+01
   1.0849757e+02   5.4697112e+01
   1.1854860e+02   5.1445310e+01
   1.2416534e+02   5.4992730e+01
   1.2919086e+02   6.0905096e+01
   1.2416534e+02   6.0905096e+01
   1.1913983e+02   6.0018241e+01
   1.0938443e+02   6.0609478e+01
   1.1056690e+02   6.5043753e+01
   1.0495015e+02   6.4452516e+01
   1.3894626e+02   6.1200714e+01
   1.4367615e+02   6.5930608e+01
   1.3835502e+02   6.6226226e+01
   1.3096457e+02   6.6817462e+01
   1.2416534e+02   6.8591172e+01
   1.2919086e+02   7.2434210e+01
   1.2446096e+02   7.5686012e+01
   1.3451199e+02   7.4799157e+01
   1.3451199e+02   7.7755340e+01
   1.3953750e+02   7.9233432e+01
   1.4397177e+02   7.8346577e+01
   1.4338054e+02   7.1251737e+01
   1.5313594e+02   7.4207920e+01
   1.5845707e+02   7.8050958e+01
   1.5520527e+02   8.7806363e+01
   1.5047538e+02   8.6919508e+01
   1.4604110e+02   8.4850180e+01
   1.4692796e+02   9.3718729e+01
   1.3865064e+02   8.6032653e+01
   1.3510322e+02   8.6919508e+01
   1.3362513e+02   8.2485233e+01
   1.3421637e+02   9.4901202e+01
   1.3066895e+02   9.1649401e+01
   1.2712153e+02   8.8988836e+01
   1.2593905e+02   8.4258943e+01
   1.3066895e+02   9.9039859e+01
   1.2623467e+02   9.6379294e+01
   1.1943545e+02   9.6970531e+01
   1.1588803e+02   9.1058164e+01
   1.1411432e+02   8.7806363e+01
   1.1086252e+02   8.4258943e+01
   1.1322747e+02   7.4799157e+01
   1.0642825e+02   8.0711523e+01
   9.9924643e+01   8.4850180e+01
   1.0761072e+02   9.4901202e+01
   9.0169239e+01   6.1200714e+01
   9.2238567e+01   6.7704317e+01
   1.0081150e+02   7.0660501e+01
   1.0642825e+02   7.4799157e+01
   9.5785987e+01   7.5981630e+01
   9.1942949e+01   7.8937813e+01
   8.6917437e+01   7.1842974e+01
   8.1300689e+01   6.7999936e+01
   8.3074399e+01   7.6277249e+01
   8.8986765e+01   8.3963325e+01
   9.1056094e+01   8.8397600e+01
   9.2829804e+01   9.6674912e+01
   9.6081605e+01   9.7561767e+01
   9.7855315e+01   9.9631095e+01
   1.0613263e+02   9.9335477e+01
   8.9578002e+01   9.9039859e+01
   8.3370017e+01   9.1353783e+01
   8.1596308e+01   8.6919508e+01
   7.2136521e+01   7.7459722e+01
   7.3023376e+01   6.7113081e+01
   6.7406628e+01   6.8886791e+01
   6.2972354e+01   6.7704317e+01
   5.3512568e+01   6.3565661e+01
   5.7355606e+01   6.9182409e+01
   5.3808186e+01   7.5094775e+01
   5.6764369e+01   8.0120287e+01
   6.6224155e+01   7.9529050e+01
   6.6224155e+01   8.3963325e+01
   7.3318995e+01   8.6032653e+01
   7.8048888e+01   9.6674912e+01
   7.3023376e+01   9.7857386e+01
   6.4154827e+01   9.8744241e+01
   6.4746064e+01   9.5196821e+01
   6.7406628e+01   9.1945019e+01
   5.9129316e+01   9.5788057e+01
   5.9129316e+01   8.5145798e+01
   5.4103804e+01   9.3718729e+01
   5.2330094e+01   8.7215126e+01
   4.6417728e+01   9.1353783e+01
   4.8487056e+01   9.9039859e+01
   4.3165927e+01   8.1893997e+01
   4.4052782e+01   7.5981630e+01
   4.9373911e+01   7.8642195e+01
   4.9373911e+01   6.8295554e+01
   4.5530873e+01   6.9182409e+01
   4.1983453e+01   6.6226226e+01
   3.8140415e+01   6.2383188e+01
   3.8436034e+01   5.5583967e+01
   3.1932431e+01   5.9722623e+01
   1.0943530e+01   5.7357676e+01
   1.4786568e+01   6.4452516e+01
   1.3899713e+01   7.4503539e+01
   1.7151515e+01   7.4503539e+01
   2.8680629e+01   6.7704317e+01
   3.5775469e+01   7.0069264e+01
   3.3410522e+01   7.4799157e+01
   3.5775469e+01   9.4605584e+01
   3.2523667e+01   9.3718729e+01
   3.0749957e+01   9.6083676e+01
   2.6020064e+01   9.6970531e+01
   1.9812080e+01   8.6328271e+01
   2.4541973e+01   9.1945019e+01
   2.0698935e+01   9.4309966e+01
   1.0943530e+01   8.1598378e+01
   1.3899713e+01   9.9335477e+01
